2353535
1870098
6551006
1780785
9499306
9034364
7629452
4745833
5170193
8357624
5578202
8225271
8425029
6481155
0809784
4136285
3267772
2695904
6514615
4988013
7694258
4378931
1813715
9645853
0568191
0528525
2704538
0329552
6262363
0898360
2772644
9165664
1941620
4026861
5981203
7945318
7533952
1766398
9100490
7219874
4382371
9317057
2051909
1569950
3615217
2048171
5808208
1049045
2878475
1972255
4684030
7920107
8766442
5586211
3163740
8736017
0771485
3033813
3707163
4677755
6117532
5138304
4693726
1022152
5899868
6920927
8101336
5484334
2279569
9805036
9941219
8338638
7459265
2598618
0927959
6707602
5370090
4300849
2657618
8075503
9025070
2454096
8172292
1748902
6342658
2431871
0063563
9543786
8716581
3275968
3045131
5666611
2474379
9898143
1574567
9509874
3066551
0130838
0514328
0651318
9592993
3032523
2137406
9154381
2606468
1005329
1861470
8770568
4282265
4495860
3472498
2543397
3126468
5598282
9185797
0014612
2552508
6875936
6665032
6694875
5079686
1479987
5936956
2725083
4784168
4411721
0493071
0064419
7846470
3480464
1638786
8157921
9769939
0088055
3816302
4569324
0577385
1885413
2778649
8124290
9073801
4197912
3969692
5381328
2365286
7176272
5049944
4399349
1365835
8804429
4519793
1783770
2556762
6653302
5048916
5765272
4752982
4440487
9822472
4782404
1777567
7033726
3088179
0937758
4350922
3305230
7768106
5580327
1927619
3119304
9015727
3223786
2339226
9259359
6132324
9127029
0121576
5867265
5438766
0612662
3268645
4023488
2367545
1931279
3455571
8000975
4710606
8488566
6109721
8722541
9650103
6502983
0543440
9424142
2257757
6303030
7588084
0592505
5474243
9498228
